LLR                 
1.535184            
2.252127            
0.402744            
1.210585            
0.889193            
2.254436            
0.288268            
0.390040            
1.313536            
0.501447            
1.835284            
0.580140            
1.318678            
2.254436            
2.459280            
2.425017            
0.288268            
1.057602            
1.210585            
0.116019            
1.713707            
2.578062            
0.288268            
0.935872            
1.526468            
2.045779            
1.313536            
0.501447            
4.843552            
2.054778            
2.425017            
0.935872            
0.187458            
1.429654            
2.344231            
1.318678            
2.254436            
0.604999            
0.838932            
1.459329            
2.254436            
4.196121            
2.578062            
0.459263            
1.535184            
0.573434            
6.445109            
1.089002            
0.623507            
2.463529            
1.264038            
0.402744            
1.813204            
2.337819            
2.251041            
0.648909            
0.580140            
0.554689            
0.468137            
1.429654            
1.146540            
0.390040            
0.889193            
1.313536            
0.468485            
1.459329            
1.472984            
1.582615            
0.769065            
1.429654            
2.657560            
1.264038            
1.402179            
1.535184            
1.120588            
2.254436            
0.189298            
1.878278            
0.646741            
3.201709            
0.501447            
1.146540            
3.904525            
0.468485            
0.468137            
1.057602            
1.146540            
0.468485            
1.057602            
0.812458            
0.303637            
1.911552            
0.410629            
2.103360            
1.205372            
1.535184            
1.429654            
3.209403            
2.425017            
3.183597            
1.057602            
1.264038            
2.191928            
1.837143            
2.252127            
0.501447            
0.429402            
1.535184            
0.573434            
2.252127            
1.146540            
1.837143            
2.344231            
0.869352            
1.788722            
0.468485            
2.103360            
1.472984            
2.459280            
1.788722            
1.057602            
3.147803            
2.425017            
1.837143            
1.600877            
0.580140            
1.146540            
0.610431            
2.459280            
1.459329            
5.113866            
0.354146            
1.535184            
0.580140            
2.619697            
2.459280            
1.146540            
2.344231            
0.501447            
1.472984            
0.468137            
1.535184            
2.337819            
1.535184            
1.057602            
0.390040            
2.254436            
0.639819            
1.264038            
0.554689            
0.769065            
1.622413            
1.402179            
1.535184            
2.657560            
0.459725            
1.313536            
1.813204            
3.251597            
2.578062            
1.089002            
0.610431            
0.864237            
2.790192            
0.580140            
2.344231            
0.889193            
0.573434            
1.600877            
1.911552            
1.057602            
2.045779            
0.869352            
0.410629            
4.973981            
2.045779            
0.935872            
0.646741            
0.302289            
0.648909            
2.045779            
1.120588            
2.054778            
0.604999            
1.526468            
0.648909            
1.878278            
0.889193            
3.446033            
0.459725            
2.124166            
0.935872            
0.468137            
2.254436            
0.580140            
0.390040            
0.838445            
1.582615            
0.580140            
1.472984            
1.184932            
3.654957            
0.864237            
1.205372            
1.544544            
5.007092            
1.120588            
0.580140            
0.355410            
3.802485            
0.429402            
1.813204            
3.209403            
0.206669            
0.459263            
2.824069            
0.610431            
1.402179            
0.905764            
1.313536            
1.472984            
0.838445            
1.210585            
2.344231            
2.252127            
2.463529            
1.544544            
2.254436            
0.390040            
1.057602            
3.209403            
0.849499            
0.889193            
0.501447            
1.459329            
1.835284            
4.005377            
1.026003            
2.463529            
1.788722            
1.600877            
1.057602            
0.501447            
0.838445            
0.354146            
0.580140            
0.468137            
1.429654            
1.582615            
2.124166            
1.264038            
0.573434            
1.535184            
0.501447            
0.604999            
1.582615            
1.922324            
2.254436            
0.935872            
0.604999            
3.017896            
1.472984            
1.057602            
1.813204            
0.303637            
0.390040            
1.472984            
2.254436            
1.622413            
1.472984            
1.064635            
1.878278            
2.045779            
0.0510812           
0.869352            
0.604999            
3.147803            
0.869352            
1.210585            
0.303637            
4.005377            
5.466644            
1.089002            
0.849499            
1.210585            
2.254436            
0.838932            
1.600877            
1.459329            
1.459329            
0.355410            
0.864237            
2.578062            
0.610431            
1.535184            
0.648909            
0.648909            
0.459263            
2.463529            
2.254436            
1.713707            
0.402744            
0.864237            
1.064635            
0.905764            
1.429654            
0.905764            
2.251041            
0.889193            
1.210585            
0.288268            
1.057602            
1.057602            
0.889193            
1.600877            
1.526468            
1.600877            
0.935872            
4.009771            
1.526468            
1.835284            
1.544544            
2.254436            
3.411302            
0.573434            
3.251597            
1.713707            
1.622413            
1.146540            
0.935872            
0.303637            
1.184932            
1.313536            
0.935872            
2.254436            
2.254436            
0.889193            
1.429654            
0.858704            
1.318678            
1.878278            
1.535184            
1.835284            
2.463529            
0.639819            
1.472984            
0.459725            
0.130567            
0.905764            
1.544544            
2.640647            
0.869352            
1.057602            
3.075566            
3.680716            
3.251597            
1.535184            
1.472984            
1.788722            
1.184932            
0.849499            
0.554689            
0.501447            
0.429402            
0.935872            
0.935872            
1.089002            
0.390040            
3.867116            
1.313536            
0.905764            
0.838932            
1.582615            
1.120588            
0.355410            
0.429402            
0.935872            
1.837143            
3.201709            
0.459725            
0.573434            
2.657560            
4.634085            
0.468485            
0.429402            
1.472984            
0.889193            
1.146540            
0.604999            
0.390040            
0.869352            
0.889193            
1.582615            
2.578062            
1.057602            
1.313536            
0.254866            
1.057602            
0.324184            
1.313536            
0.648909            
0.303637            
1.459329            
2.251041            
0.206669            
1.184932            
0.390040            
1.582615            
0.639819            
3.183597            
1.837143            
0.935872            
2.337819            
2.337819            
0.187458            
2.619697            
4.040052            
1.459329            
0.905764            
3.183597            
0.236740            
0.303637            
3.278660            
0.935872            
1.459329            
0.402744            
2.252127            
2.463529            
0.935872            
1.120588            
1.264038            
0.610431            
1.318678            
0.869352            
0.623507            
0.554689            
1.313536            
1.318678            
1.911552            
0.468137            
1.205372            
3.201709            
1.835284            
1.210585            
0.429402            
0.390040            
1.089002            
1.535184            
0.849499            
0.648909            
2.425017            
2.251041            
2.254436            
0.858704            
0.573434            
0.889193            
0.573434            
1.526468            
2.337819            
2.344231            
1.184932            
2.124166            
1.544544            
0.648909            
1.057602            
0.468137            
1.120588            
0.177120            
0.468485            
0.889193            
1.535184            
1.313536            
2.254436            
2.252127            
1.264038            
0.812458            
1.057602            
2.675314            
0.610431            
2.463529            
0.648909            
3.017896            
1.535184            
0.849499            
1.472984            
0.648909            
1.057602            
2.254436            
0.254928            
0.889193            
3.446033            
0.410629            
1.429654            
0.254866            
1.535184            
0.459725            
0.838932            
0.838932            
1.318678            
1.878278            
3.075566            
0.459725            
0.580140            
0.459725            
0.639819            
3.289743            
1.113451            
0.838932            
1.813204            
1.026003            
2.252127            
1.057602            
2.337819            
1.878278            
1.026003            
1.057602            
0.604999            
0.935872            
0.573434            
0.604999            
4.086856            
0.604999            
0.429402            
1.788722            
0.769065            
2.675314            
0.554689            
2.675314            
0.324184            
1.318678            
0.254866            
1.064635            
1.184932            
3.289743            
2.344231            
0.573434            
0.769065            
1.459329            
1.535184            
2.675314            
2.054778            
0.838932            
1.713707            
1.184932            
2.790192            
0.849499            
1.600877            
0.390040            
0.130567            
0.769065            
0.769065            
3.278660            
0.935872            
0.501447            
2.103360            
3.017896            
2.337819            
3.209403            
2.640647            
3.289743            
0.769065            
0.554689            
0.905764            
1.472984            
1.459329            
0.849499            
2.619697            
0.501447            
1.057602            
2.191928            
1.205372            
1.835284            
2.054778            
1.057602            
1.837143            
3.017896            
0.646741            
0.390040            
1.057602            
0.402744            
1.057602            
1.057602            
1.313536            
2.459280            
1.089002            
0.402744            
0.838932            
1.120588            
1.835284            
3.201709            
0.849499            
3.411302            
1.120588            
1.057602            
1.911552            
1.922324            
0.849499            
0.355410            
2.124166            
0.468137            
2.252127            
2.818480            
0.604999            
0.646741            
0.149961            
1.429654            
0.648909            
1.402179            
3.017896            
1.113451            
0.646741            
1.120588            
4.649924            
1.459329            
1.922324            
1.057602            
0.390040            
5.240315            
1.057602            
1.318678            
0.355410            
2.191928            
0.573434            
0.604999            
2.824069            
1.472984            
1.057602            
0.864237            
0.864237            
2.855698            
2.344231            
1.835284            
0.459725            
0.254928            
1.837143            
1.535184            
4.843552            
4.086856            
0.459725            
0.580140            
2.254436            
0.648909            
1.582615            
1.835284            
0.573434            
1.402179            
0.468137            
1.535184            
1.459329            
0.889193            
0.623507            
4.843552            
2.824069            
0.390040            
0.354146            
2.344231            
0.355410            
2.191928            
2.251041            
0.189298            
0.501447            
1.429654            
1.582615            
2.254436            
4.810851            
0.390040            
0.501447            
1.878278            
2.855698            
1.210585            
6.382270            
0.573434            
0.935872            
2.640647            
1.878278            
2.254436            
0.935872            
0.769065            
2.254436            
1.429654            
0.402744            
6.050965            
0.468137            
2.337819            
1.146540            
4.005377            
2.254436            
2.855698            
1.472984            
1.922324            
0.554689            
2.254436            
0.501447            
1.622413            
1.146540            
0.935872            
1.582615            
1.600877            
1.878278            
0.648909            
1.922324            
0.889193            
2.675314            
1.622413            
0.573434            
1.313536            
3.904525            
1.911552            
0.838932            
1.835284            
1.120588            
1.472984            
0.410629            
1.835284            
0.501447            
3.446033            
2.824069            
0.935872            
3.996409            
0.429402            
0.254866            
2.337819            
0.889193            
1.057602            
0.905764            
0.610431            
1.472984            
0.554689            
2.463529            
1.472984            
0.131868            
1.057602            
2.238181            
0.869352            
1.429654            
2.238181            
1.146540            
1.113451            
0.849499            
2.463529            
1.429654            
0.869352            
1.146540            
1.526468            
1.429654            
1.835284            
4.196121            
0.838445            
0.905764            
0.459725            
3.017896            
0.864237            
1.210585            
2.252127            
0.390040            
3.136370            
0.610431            
2.824069            
2.425017            
3.411302            
0.769065            
0.869352            
2.045779            
1.313536            
0.355410            
1.089002            
3.136370            
0.889193            
0.639819            
0.402744            
1.057602            
2.657560            
0.639819            
0.889193            
1.205372            
0.468137            
0.354146            
1.459329            
0.935872            
0.905764            
0.935872            
0.468485            
1.057602            
4.810851            
1.472984            
1.835284            
1.313536            
1.878278            
1.535184            
0.858704            
0.554689            
0.864237            
1.089002            
4.086856            
1.205372            
0.849499            
0.812458            
1.788722            
1.788722            
1.922324            
1.057602            
2.254436            
2.578062            
1.313536            
1.835284            
1.057602            
2.425017            
2.578062            
1.526468            
0.402744            
0.580140            
2.252127            
3.075566            
1.535184            
0.935872            
0.869352            
0.905764            
1.057602            
1.184932            
0.889193            
1.313536            
0.354146            
1.113451            
1.582615            
4.005377            
0.124591            
1.089002            
0.402744            
2.824069            
1.313536            
0.864237            
0.849499            
0.131868            
3.289743            
1.120588            
1.535184            
0.236740            
0.869352            
0.889193            
1.582615            
3.278660            
2.191928            
0.573434            
1.146540            
3.680716            
0.849499            
1.146540            
1.526468            
1.535184            
0.646741            
0.838932            
1.064635            
1.788722            
1.402179            
1.113451            
0.838932            
1.459329            
0.459263            
0.935872            
3.707282            
0.254928            
1.026003            
1.472984            
3.707282            
1.313536            
1.184932            
1.459329            
5.113866            
2.251041            
1.026003            
1.113451            
5.466644            
0.429402            
1.057602            
1.184932            
1.472984            
1.057602            
2.619697            
0.254928            
2.252127            
1.582615            
1.600877            
0.303637            
0.869352            
2.344231            
2.103360            
0.468485            
1.210585            
1.878278            
0.646741            
0.303637            
1.205372            
1.210585            
3.147803            
1.600877            
2.818480            
0.864237            
0.869352            
1.113451            
0.858704            
2.045779            
0.646741            
1.713707            
1.313536            
2.459280            
1.622413            
3.075566            
1.535184            
2.337819            
0.864237            
1.622413            
1.120588            
1.713707            
1.113451            
1.837143            
0.639819            
2.344231            
0.889193            
0.303637            
1.535184            
0.648909            
1.459329            
5.579371            
1.837143            
1.535184            
1.402179            
3.209403            
1.459329            
0.468137            
0.812458            
1.459329            
3.867116            
1.313536            
3.209403            
2.463529            
1.113451            
1.837143            
2.054778            
0.113602            
0.580140            
1.835284            
2.252127            
0.905764            
0.410629            
0.812458            
1.064635            
2.254436            
1.835284            
0.858704            
0.604999            
1.184932            
0.354146            
0.580140            
1.622413            
1.402179            
1.184932            
1.429654            
0.648909            
2.103360            
0.869352            
2.657560            
1.878278            
4.843552            
2.619697            
2.619697            
0.459263            
2.124166            
3.411302            
4.843552            
0.639819            
1.089002            
2.045779            
1.313536            
0.254866            
1.205372            
0.468137            
1.535184            
2.254436            
1.026003            
2.578062            
1.459329            
2.254436            
3.904525            
0.402744            
0.889193            
0.648909            
0.864237            
2.254436            
1.544544            
2.463529            
1.057602            
0.648909            
1.057602            
0.0683378           
0.580140            
3.278660            
1.429654            
2.675314            
1.210585            
